| 106 179  58 169  32 107  88 116 185 111 |
| 188  50  14 158 115  47  82 152 154  62 |
|   5 125  24  90 187 214  64  36  44 148 |
|  41 190 161  27  16 186 182 205 126  12 |
|  68 105 145 178 191 213  40  48  49  70 |
| 181   9 180 193  95 151  65 206 200  22 |
|  66  67 211 177   1 160  11  97  53 217 |
|  54 142 138  78 143 101 104 201 157 144 |
|  99  26  57  79  15  59 159  76  52  38 |
|   4 119 108 202 109 129 139  56 183  85 |
| 140 218 124 170  30 197 127   7  35 194 |
|  77   3  89   6 196 172 113  46 137  55 |
|  96  80  83 102 189   2  71  28 162 171 |
| 174  60 173 175 135 198 165  37  51 163 |
|  31 130   0  81 133  93  20 128 215 120 |
| 209  73 150  42  63 147 164 141  43  19 |
|  91  45 117 176 123  33 146 208  72  61 |
| 166  94 192  92 168 204 199 134 156 195 |
| 153 212  86 219 132  75  23 121 118 207 |
|  18  98  69  84 131 203  29  34 167  87 |
| 112  21  13  25 122 100  10 103  17 216 |
|   8 149  39  74 114 110 184 210 155 136 |
